1000  36.552
1.45504  25.1128  35.2045
26.2195  2.71089  9.81963
28.4968  35.5623  33.1389
6.28212  31.8932  9.25079
30.8294  33.0629  6.58657
9.65439  1.84426  29.6808
4.27468  11.3293  15.6882
11.1685  5.34178  28.9936
30.5736  32.6686  34.6679
34.1796  6.3733  28.507
17.0077  30.3024  32.8382
30.7812  33.4384  2.49266
0.951345  14.8732  21.5128
22.9459  2.72929  35.805
27.4339  28.8558  5.82279
4.04832  17.7291  12.2607
3.00532  8.58513  21.8212
36.4645  9.26243  24.2099
27.9963  2.73386  23.9981
9.25259  10.8234  19.0708
23.0437  2.71447  8.09315
7.09699  2.0598  2.17413
33.1914  5.15997  0.995271
30.9124  16.4289  17.9647
29.9885  6.35236  22.3424
33.3497  11.0493  20.9097
35.1977  1.22233  32.4538
34.0001  10.7692  31.0146
32.2116  7.01473  25.2245
6.14296  10.5419  25.7412
4.78071  5.41145  8.5055
4.95092  34.3211  36.1568
3.65567  17.4674  5.77756
27.7048  14.726  1.44474
23.5287  36.2994  9.89556
31.4791  8.87867  13.2143
25.7314  35.7618  24.8311
29.4564  6.11985  32.3693
12.9916  8.83091  29.1815
4.37202  2.56361  28.2922
30.7616  17.5427  14.1109
33.9144  5.41345  4.6087
32.8804  19.0229  1.94818
1.49873  11.683  9.83975
35.7327  8.87951  18.757
3.11299  15.9855  33.4141
5.33876  14.4901  25.0065
2.59858  28.555  33.0857
5.32908  16.4201  18.0304
30.7648  22.5167  0.338557
22.4388  8.02133  32.3273
26.3843  23.899  9.54499
25.0366  20.0144  11.366
33.9733  3.05581  22.3147
1.78998  28.0135  17.824
25.0469  13.6361  5.93896
32.5342  10.2983  17.1512
0.325138  20.0293  17.0515
31.9771  29.3214  27.0123
3.42803  12.3889  33.9776
4.74058  29.6094  19.6449
2.58424  22.3334  0.63026
36.2774  0.199858  5.78505
0.701778  6.62247  3.52216
20.9416  15.8896  7.12662
1.80478  0.830741  17.8202
25.6294  24.2813  25.915
34.0132  25.7445  15.5531
36.5144  26.747  32.2486
10.0566  16.7145  32.764
7.43761  9.28314  8.01598
6.83329  1.62421  5.73655
1.896  27.6111  10.6676
7.01163  20.5359  3.60833
12.8149  24.2331  20.2135
0.485434  25.2846  2.8213
3.23255  11.7837  23.6754
29.0443  28.2556  15.6006
36.5123  3.82905  24.6432
34.1232  28.4292  29.909
0.834488  28.2668  0.924809
4.59729  33.9422  6.5479
28.5418  30.6363  8.69622
9.80004  5.94262  24.008
31.2315  30.5259  17.6323
34.9177  28.5741  12.5715
10.3527  35.9286  14.1878
11.139  33.9035  17.1443
18.7133  1.23861  35.2025
27.5673  6.96543  9.66281
8.69652  34.3963  23.862
28.9675  19.7054  1.56356
34.6714  8.25632  8.40537
35.5086  32.4283  14.0438
35.9029  36.2939  15.621
27.7826  21.1548  19.894
1.61489  36.5473  31.0841
0.0371735  6.88883  34.6257
3.25805  33.4602  32.6367
34.9887  2.05341  12.3442
1.08908  4.65309  0.371077
33.586  1.92254  2.37551
11.6514  2.80141  3.93413
4.42972  7.6382  15.1674
12.0519  29.5685  11.2305
5.93415  7.48384  28.373
34.5766  12.9335  9.93429
6.30472  32.8738  26.1346
8.47507  25.4452  32.6882
3.79239  0.378349  1.5642
3.50027  8.67614  31.7285
7.3582  2.45285  9.96693
18.7266  6.35306  9.90554
25.8045  9.47041  4.75371
34.4607  32.4598  10.3113
1.74529  13.6387  30.7649
12.7248  7.59879  18.0918
5.64749  23.8363  34.722
11.8535  33.5708  4.77533
0.758906  3.8566  31.12
20.6748  8.47634  36.3323
2.91934  7.28511  25.3474
6.49447  7.54877  34.9958
33.6941  7.05806  16.1075
34.3536  18.6317  15.124
29.7086  7.84271  2.43028
7.05434  13.5066  17.1298
7.35356  19.1349  19.5081
10.176  4.00446  20.9429
7.21062  31.6825  0.916487
30.4405  16.4683  9.94273
0.891545  4.86195  10.1438
32.9969  15.6702  12.342
28.3963  10.2273  11.5917
21.3582  8.48807  11.909
10.8053  13.8337  17.718
32.348  3.74258  13.685
8.24871  14.8838  20.6568
22.5755  26.4  33.5933
4.10908  1.62649  8.94931
5.59954  7.51321  5.58369
31.6049  23.7927  18.2287
2.43248  14.3008  17.5701
2.21735  11.0729  19.5869
30.3019  36.541  7.32823
30.2733  6.91539  15.8405
36.2211  16.7539  18.2307
6.70073  14.9539  13.8693
29.6174  4.07773  2.744
10.5313  20.7164  1.56691
35.3406  9.1512  12.1677
33.0087  11.1389  7.27579
24.2329  22.039  7.51286
7.12992  12.5423  22.8198
32.1004  14.4387  15.451
11.5213  23.9973  3.09729
31.2505  23.9079  21.7094
8.15644  15.8507  29.1182
7.28192  11.3213  33.4771
23.0122  7.09034  3.86674
1.91087  17.2852  0.120286
6.37368  27.2947  3.34677
34.8722  22.3967  14.3103
6.23811  27.9206  10.386
2.19065  1.21689  11.9125
3.89009  34.6225  10.4638
4.42415  13.7695  20.7982
3.76299  20.1988  17.9742
2.9092  13.8172  0.890653
10.8884  21.1277  18.102
33.2097  34.9586  4.6379
1.46055  29.304  13.9364
15.989  34.2644  5.14706
5.38677  18.8168  9.09588
31.1865  21.3152  14.4636
35.4994  32.8635  23.0283
35.4274  17.8222  22.1556
35.1548  29.4274  16.3193
9.23112  28.5762  8.42712
9.96541  11.5451  7.47202
3.10191  24.556  17.106
3.36831  19.8654  33.7567
0.932922  34.7181  8.3839
31.9631  0.94716  10.3555
1.02857  21.6662  20.7066
17.685  35.5248  26.644
17.8796  3.2465  28.6751
33.3912  34.1337  26.3047
9.32601  22.2363  34.0696
11.7048  26.2133  23.6671
30.6048  30.2973  30.7173
6.24423  2.92812  22.4103
6.6661  5.15331  16.7127
13.778  36.096  11.9173
10.7655  4.90611  16.7613
2.84794  1.31587  22.5338
12.1101  1.44757  32.0053
9.01511  17.8753  3.52821
6.39423  31.3411  4.43349
25.6366  2.19686  26.8518
16.2598  35.0042  1.64764
1.00302  34.6593  36.0573
9.19736  25.6673  11.0308
9.28955  5.37563  32.8832
10.7149  7.52486  9.41326
9.02643  16.722  16.6429
18.4377  4.69288  19.1366
5.40992  36.4906  31.1593
27.8785  32.0915  1.09778
3.31951  29.2707  4.50747
10.7203  14.9673  8.17308
35.7317  1.69294  36.1936
4.93507  9.44011  1.59894
6.39479  34.9082  3.13294
21.3785  0.270416  5.76697
7.77561  15.9651  10.0526
17.8879  5.88376  24.556
17.8786  9.19693  26.9571
11.9246  30.1229  18.6157
7.87447  7.38143  1.69929
8.74769  17.8724  0.00230989
2.04841  5.30415  6.5336
4.02542  5.2385  2.95415
35.2012  36.3297  24.0207
14.1413  15.5461  16.2071
35.9249  35.2734  11.9264
6.3438  20.7383  36.3896
16.0891  10.4463  30.2268
9.78878  4.13938  1.16844
8.97501  1.5634  34.7195
19.9463  2.22291  17.2099
14.4183  30.9122  3.9213
13.6225  13.1183  6.31874
13.7264  2.47459  9.99577
0.808363  7.99552  15.4703
12.0673  23.5733  11.3421
30.097  14.172  12.478
27.5618  11.5753  28.3207
7.34212  10.865  13.8281
1.44819  11.2038  13.6057
35.395  12.1143  0.967403
35.0715  14.4299  5.35624
14.1645  20.9412  12.6865
24.0268  16.3115  12.293
14.1038  12.8754  23.6187
7.66646  19.0407  33.4154
6.00576  18.9214  15.3434
9.32352  7.10293  18.9366
20.5062  4.65335  12.3212
11.9942  10.5282  4.1456
3.87386  29.381  36.5403
1.33864  18.5968  9.3086
16.4026  18.4588  15.2304
5.10264  25.9305  22.2588
5.65362  10.1068  20.546
33.9344  29.1125  23.3639
12.16  10.0579  12.3277
5.68816  0.901279  25.4531
5.43241  22.3545  20.6585
16.2185  14.6646  32.4872
31.3071  20.3151  8.3126
36.3853  15.5129  15.0877
29.9662  12.7244  9.19525
30.8416  20.1937  18.5071
1.56435  25.2068  20.0733
2.99483  31.4542  16.19
2.05927  26.8978  7.27821
0.719578  22.5045  31.9336
30.3458  23.2068  31.1538
6.88406  23.6523  1.95437
4.88604  18.3099  30.9091
4.38253  35.2923  19.2912
14.5696  24.5217  7.54853
34.2234  21.6399  9.46699
0.782948  26.07  14.1012
6.33131  32.0163  16.6639
36.4705  35.3628  20.6308
4.23852  28.0447  29.4854
34.2778  17.8708  34.018
14.2054  22.1453  5.02292
6.42644  27.066  6.64718
5.12669  24.8891  9.22148
0.0692624  31.7316  2.63657
8.47555  29.2844  13.3519
1.86416  32.3956  20.6054
12.2829  1.01637  18.5084
4.89538  31.4642  12.7013
33.9482  22.2341  23.266
13.4745  3.86172  24.6393
15.3061  18.0377  36.4726
13.9765  22.1214  0.873437
9.06696  31.8767  6.86399
13.7873  35.7981  15.6848
1.4552  32.4096  5.77277
11.5237  7.23856  2.48832
6.9427  36.1901  12.7879
6.45713  6.82266  24.6731
5.16965  22.6824  26.4046
8.79657  27.1995  27.8095
8.42388  35.3265  27.6549
18.9015  33.4204  35.8305
14.9406  1.42046  26.3583
15.4725  35.8951  8.70607
13.241  0.861744  6.60814
7.58591  34.9184  17.6814
17.42  2.44842  32.2296
19.455  7.96659  21.6374
8.70781  23.604  21.6833
18.7188  32.2924  2.65646
18.8818  8.17865  33.2408
14.7665  2.90736  29.8016
6.85206  27.3875  35.057
16.1591  3.08588  0.492661
10.1363  31.1139  32.7289
2.24736  4.88987  17.7765
16.6447  6.3572  30.4828
9.22536  8.0789  27.328
13.3789  5.46083  31.9651
20.7455  10.6384  23.3276
6.31632  31.9726  30.6793
1.01508  2.51409  3.16783
10.3487  14.0291  4.40803
1.02526  4.48423  13.6222
10.4328  2.53157  8.03506
22.6355  10.528  19.4556
36.015  11.7299  16.3144
21.7388  36.4424  33.8713
10.863  12.1756  29.128
10.8011  4.56139  11.434
12.3771  36.4476  28.9186
6.15506  31.0716  34.1677
16.4494  11.432  7.45926
4.05844  14.0527  4.85887
8.31952  24.2021  25.5509
14.0378  10.9537  17.5105
16.9966  12.4038  17.0104
17.1322  7.36125  13.0544
6.11038  12.6067  29.6269
3.25858  5.04735  33.1015
16.4714  5.31518  34.3411
14.4982  15.5947  9.67221
14.128  22.4231  16.9194
4.19356  8.80942  10.9292
8.41672  2.83347  14.0327
22.1523  25.7518  23.473
32.6274  30.8815  14.5644
13.0336  5.02762  6.59297
8.84431  21.0766  26.764
7.75171  11.4834  4.93764
13.6516  9.04364  7.54345
7.93306  21.7195  9.27423
15.6735  7.65507  20.1084
3.41346  20.2226  23.218
11.9247  17.1857  19.2046
35.8805  10.4521  27.8301
21.9876  28.0401  10.2507
6.91757  25.5714  18.5156
35.2687  23.9591  18.5894
15.4939  19.7579  2.83246
17.2097  21.9306  7.73884
15.9547  27.2102  34.2186
7.82975  23.8959  5.5069
0.259673  15.6188  10.7373
12.9458  12.3021  9.88972
18.6835  34.0948  7.1813
14.2091  33.4739  27.6401
0.375781  18.7624  31.668
10.3723  12.8963  32.7016
12.6939  23.8082  34.3973
2.46638  11.1894  3.65611
14.4981  34.5113  19.0266
3.73585  24.4628  4.82634
16.2253  21.199  34.9559
11.245  34.7298  20.7979
7.34121  30.3314  27.8553
2.22159  17.8993  20.8205
27.7368  18.8232  16.9638
10.674  19.2817  10.0948
4.1095  25.9951  0.784929
10.644  22.964  30.5568
19.856  0.39625  8.77662
12.7284  3.26702  35.3842
12.3302  33.4497  8.83473
17.3694  30.3595  16.3197
8.865  32.8524  14.0136
8.78743  2.16212  17.9046
12.6363  31.6641  21.9852
7.15743  21.8709  31.0646
5.73445  16.319  2.74959
12.0296  30.5305  35.743
12.2284  29.5556  6.6333
7.40496  28.4597  24.599
15.0885  25.109  14.2856
20.5423  29.5827  35.4587
2.37015  34.6003  13.8362
17.0422  32.8954  30.0472
3.5372  19.4774  2.76049
9.83934  35.0374  1.88769
20.1965  4.78861  31.7766
6.17469  19.2314  27.6673
10.1743  7.37002  35.4567
14.2608  6.32045  0.503489
10.1301  24.881  36.3829
13.2389  6.29429  13.881
4.8443  12.6868  11.4004
17.8679  1.90631  24.6005
32.19  3.35443  30.0539
3.72517  34.087  28.689
4.69519  3.82553  12.5519
12.7043  25.8093  27.2519
12.7206  9.60558  36.3437
22.6619  31.1648  12.4799
26.2569  11.1905  19.2198
23.7421  4.98437  15.595
29.8492  2.33322  20.9556
17.1758  12.7107  10.8508
22.9956  14.7834  31.7437
25.5841  7.50572  29.2042
25.9005  1.35707  33.7525
20.288  23.1732  29.5358
2.61322  1.25598  35.1193
8.18784  4.89136  5.14825
19.8808  12.2287  0.449557
18.974  30.9713  12.5971
5.11852  12.0097  7.83203
24.1414  8.74517  8.29095
31.1303  2.46892  33.3719
24.6172  19.1489  18.554
15.2702  5.79059  27.5628
22.9121  4.62811  28.7924
26.2235  7.0724  1.85013
15.0811  0.781396  33.8196
28.3792  8.69739  35.1991
21.082  7.47219  7.47355
25.4985  3.16064  19.5989
21.3147  4.82724  22.1704
13.7609  13.9621  20.0215
13.4657  0.99923  21.7584
16.9306  10.4834  23.6201
11.0814  10.8583  25.6864
16.4923  9.37871  36.5439
20.5937  15.309  1.15945
0.801707  15.4279  3.10078
12.5451  2.27547  14.844
10.0043  8.7578  15.7189
3.49223  15.6914  8.83728
11.4332  15.359  23.9617
28.1452  24.504  18.5506
12.6451  20.1306  27.0267
9.60777  14.2638  36.5258
8.69332  18.5621  7.06542
18.4489  16.8133  10.0908
16.0848  3.86706  8.14012
17.5291  22.1034  15.1485
9.81179  22.0735  13.2304
19.1463  19.4509  17.6588
6.45845  32.4939  21.5395
12.5206  6.50341  21.7977
15.0988  18.464  32.9765
15.3346  8.68758  33.3999
6.79952  21.1414  23.7626
0.700095  22.8417  7.14518
8.12365  17.7387  25.127
30.8505  21.5717  4.3385
10.286  23.9627  16.0962
14.2592  28.0025  21.1531
7.37796  25.0751  14.2426
13.1838  30.4753  31.1527
21.5091  20.757  1.5898
16.5888  15.5748  19.2809
13.2113  15.4825  34.3882
3.71305  20.9366  6.2628
13.6631  23.1212  24.4294
10.4151  21.1709  5.01225
9.71861  30.6955  3.24222
24.8862  23.3574  18.864
21.0329  28.501  20.3586
21.3354  22.6333  16.8047
13.2484  18.0033  22.3796
13.7665  21.4372  31.5054
19.8994  21.8734  34.2451
16.4124  33.1727  14.2915
6.17895  22.0028  12.319
20.1206  28.038  14.4947
13.0682  33.3484  1.5889
17.8787  2.83455  10.8772
2.30812  17.9061  15.3189
28.5181  21.2432  10.4981
9.89237  32.2911  29.5056
14.8327  33.5535  34.9101
22.9835  27.9037  5.99989
15.4929  31.8423  7.70627
16.8841  1.53894  5.35882
15.8443  4.37781  4.16703
13.0106  29.7479  15.0075
17.0459  27.3341  18.743
19.553  0.353977  29.456
16.9172  23.4994  32.0262
23.4693  7.81805  22.1773
11.1077  20.974  22.8336
14.4097  25.6496  0.842252
10.5368  7.82802  5.78824
25.6539  29.2766  32.5033
14.2616  13.4411  12.9839
20.4939  33.205  27.957
4.00525  1.18207  15.1213
15.4439  10.2234  13.8205
23.2996  1.34436  30.4303
24.41  28.051  25.4201
24.9875  26.4728  29.8222
25.9121  8.15981  24.7918
23.7404  1.31349  2.35636
26.0755  32.3302  12.8474
19.2645  10.7161  13.7003
19.417  1.90277  21.422
31.8331  14.2189  22.0632
2.60463  6.08703  28.9496
20.759  7.86146  29.5938
21.5337  34.8548  17.7504
21.6073  2.39711  26.3825
13.4212  0.629817  1.87041
28.336  6.80026  5.55547
19.1179  3.3065  2.09354
16.4995  0.935341  18.308
24.8418  32.7446  16.8763
25.0862  5.39432  7.55183
24.0875  13.9959  19.0148
16.0956  3.35225  21.5615
5.39562  3.52823  35.588
28.4428  3.14278  16.0452
23.3843  1.27363  17.1029
12.4182  17.1179  1.55937
19.1776  10.2485  9.5753
34.2801  5.79122  11.7594
15.8623  9.5274  10.4256
24.9747  30.7396  19.8929
15.3497  18.8918  9.11256
28.1427  5.86621  25.6549
10.9202  12.3887  21.9182
13.1403  13.9336  27.1045
26.8961  22.801  5.26016
8.40129  12.1707  10.5552
11.6893  18.4253  14.1505
5.43563  16.8352  21.9102
10.8944  13.2122  14.1763
19.323  15.6813  16.9549
28.9913  10.8748  21.8008
17.0653  14.3709  35.9988
14.5266  10.3674  26.6628
23.6088  10.526  2.165
18.5474  17.542  33.5608
31.6959  14.7327  6.94286
36.3727  20.3205  35.1576
13.4977  26.6367  4.96753
6.64958  15.6029  6.94568
2.80046  14.4495  13.6934
26.8652  20.374  27.9723
9.41289  29.8157  21.5241
15.1211  16.0388  25.4055
13.6773  11.9886  33.5208
17.8061  11.4679  33.6552
28.1621  11.1227  2.1127
22.1113  33.6663  4.94994
15.3057  15.0079  3.14986
24.4931  30.9324  6.13594
15.6907  28.3711  7.62829
20.5424  16.9534  13.5416
25.4078  28.0966  9.42558
16.0518  19.0552  18.7307
19.7611  25.8071  35.0662
18.9233  17.7296  4.06162
20.2722  31.9206  32.4744
29.0555  18.6846  5.82856
18.3082  25.562  16.0018
18.3381  29.1217  9.55034
3.53138  21.5321  9.89445
27.6501  25.736  23.5359
15.4338  20.1234  25.0562
12.4078  6.88077  25.8811
13.2475  15.0992  30.4324
15.4485  26.2877  30.9223
25.3983  0.400273  6.06062
8.95274  33.2338  10.6267
11.1719  26.8418  14.0604
28.647  34.0369  10.8978
13.8284  26.6104  10.9203
16.1918  31.4293  19.8364
24.4248  19.7556  24.213
22.9692  30.2099  23.15
12.2808  19.7633  34.7195
15.5061  26.6812  25.1312
23.3553  4.11643  32.4206
16.74  1.47844  14.0796
34.0819  24.855  6.31417
9.16159  29.5225  16.9009
19.7601  3.90073  7.46746
14.9065  34.4914  23.6173
3.74743  21.6261  29.7634
18.3047  29.6004  29.5757
26.8253  23.681  30.1303
14.8496  7.77469  4.57665
20.3262  28.6528  26.725
28.183  29.2019  12.0288
27.9127  32.283  18.3455
25.4734  2.0787  13.5922
29.3306  36.4772  26.2498
15.5147  3.90773  16.2094
18.5709  35.1766  22.4262
24.5417  11.1645  23.0705
23.912  5.27581  25.141
33.2786  6.76965  31.9115
33.4189  18.9159  24.8408
24.0014  7.76907  35.5741
9.51381  10.4692  1.62198
22.7431  33.4483  20.9731
13.7666  4.45351  19.3138
21.3223  30.9843  8.28401
9.5733  17.8971  22.1866
23.2763  35.4533  27.2767
21.9603  34.5845  30.9068
12.4823  28.7018  2.13718
22.8388  12.3283  34.1222
25.016  32.4738  28.7841
13.403  26.7583  17.1999
17.5925  28.4159  22.5485
19.8259  5.41126  15.7319
21.1261  7.84769  24.9709
7.44785  8.26098  31.4403
22.9814  9.35625  27.3145
26.3279  9.35828  32.493
19.4485  9.28205  2.76452
27.4624  1.82412  0.6242
21.2422  0.925916  12.5113
22.6537  12.2637  8.75869
13.4937  10.2972  20.6541
29.0503  11.1636  15.6939
30.3645  12.9125  18.7663
36.4021  7.95518  30.6704
18.7896  18.5422  0.456167
20.9076  18.565  24.2193
14.6152  16.9384  12.9267
21.9574  9.20525  15.5356
20.7254  13.5404  20.2916
14.3832  6.38528  10.0914
9.65962  27.0519  4.49424
1.84784  17.0954  24.3379
23.5209  18.7832  14.9592
19.0037  9.55068  18.3981
11.0242  17.1871  27.8467
19.7243  5.12174  35.5426
21.7241  30.0961  3.55946
18.005  14.0797  5.39896
20.998  12.2699  16.9905
17.4728  14.758  14.2714
21.7734  19.3395  5.75208
25.6906  21.7982  15.7128
16.8026  11.9523  20.4343
22.4796  13.3224  25.1329
23.643  15.8997  35.3369
33.3383  17.4841  5.26821
16.9667  25.2236  4.0172
16.2586  11.4107  3.71967
34.3309  25.6288  0.0279723
19.7527  22.5345  9.86934
23.7512  22.4998  28.7872
22.449  25.583  27.1431
17.6126  17.1042  22.3809
27.6127  18.3107  24.2745
20.5001  24.9674  19.7969
22.5929  18.5165  31.452
17.8832  23.1242  1.29702
25.6993  18.4701  0.785695
18.3184  29.8026  5.86029
20.0352  22.0836  5.29418
17.5289  34.5155  17.1032
25.5734  29.4743  15.9221
27.6772  26.7103  27.172
24.2409  16.3198  22.0713
12.0293  26.7183  30.9756
34.2461  33.3124  0.244147
23.3751  23.2745  31.8198
25.8638  4.11486  3.71272
28.7395  26.7681  32.0287
19.5242  31.9756  19.7822
12.8559  32.9372  13.1571
18.3134  31.9293  24.2041
10.6469  31.9769  25.5388
9.81616  26.5471  20.2232
30.0178  32.983  27.196
24.9745  17.1383  26.6658
33.1645  26.6317  3.38397
19.5623  35.7923  2.35815
33.1767  2.58017  6.4351
25.1898  34.6454  3.40669
0.530356  33.51  17.058
27.831  28.5605  19.1379
11.7385  35.6164  25.6204
21.0492  21.2227  13.6013
15.1569  28.5143  28.4465
17.1702  8.10267  7.27141
26.3319  14.0103  25.336
3.76714  32.9277  2.76159
20.0636  14.3832  33.8432
21.6808  30.1795  17.5034
36.277  1.38195  9.35098
32.0596  33.3017  20.0434
4.98801  2.39413  19.1849
18.5399  26.0309  28.6203
29.8105  5.25429  35.5896
0.543034  35.106  2.87137
24.4447  32.9176  32.9781
22.7987  15.0737  15.8619
28.6974  36.3041  4.05448
31.6099  1.07827  15.7175
26.6271  36.2651  16.8193
21.681  6.09053  18.7548
23.3826  34.6486  13.2128
0.531039  28.4969  21.2004
36.5395  34.8647  28.3773
27.3691  15.8862  34.4885
31.4912  19.7881  33.9854
26.8344  12.7504  31.8826
17.2736  6.74876  1.57873
22.4081  33.0928  1.50624
8.16984  13.0695  26.6594
29.4389  5.64825  12.2775
27.533  16.6353  11.7047
18.3173  13.6293  23.4553
24.0256  10.9249  30.1128
31.1089  16.0541  0.0417198
15.9111  29.0925  12.9581
25.3473  30.247  2.85571
21.8412  18.7193  35.226
35.8669  10.9942  4.82671
33.9984  17.3076  8.70216
29.0702  1.34833  12.5282
13.0924  13.0477  0.840546
3.03279  8.12734  18.4142
22.1629  16.7738  28.227
6.46123  13.3687  36.0969
1.03562  23.6608  11.6967
25.94  20.4778  32.1575
33.9626  21.0174  31.2809
12.5194  21.3457  8.20519
24.4594  5.87905  11.635
21.7496  13.6825  4.11103
34.2633  14.4308  31.1875
11.6223  8.42942  32.5421
33.7224  30.6529  32.6874
34.5031  24.8185  29.6775
30.0698  16.7201  32.8516
16.2128  23.7905  10.9919
22.2567  27.3604  0.745441
26.1225  25.2393  15.5622
22.8625  26.5138  17.2761
30.1072  7.0695  28.728
30.5127  19.6999  26.3894
30.6717  19.489  22.4945
6.33899  24.8466  29.3204
11.0238  24.7033  7.99111
32.4334  25.9248  32.7471
18.3325  26.8955  1.48054
26.0496  22.2949  1.75295
24.1098  22.0887  34.9429
34.8245  25.6447  22.3792
0.201  20.7538  25.0692
24.6557  11.6647  16.1738
21.6792  18.0086  20.7923
33.9227  32.6402  29.7032
28.2495  12.811  5.34512
16.126  36.2972  29.8008
18.4921  25.9704  7.02491
26.6115  13.7828  13.5656
30.5817  27.0784  5.49441
27.028  14.2268  21.4701
30.0509  24.7649  14.9877
20.9275  12.1078  28.3369
16.8726  18.9208  29.1035
15.6746  22.1936  28.6696
24.6123  27.3098  20.2059
29.9871  29.0705  2.13378
27.6992  32.2044  31.172
22.2395  24.8839  8.29323
12.2518  27.1575  34.542
20.8142  32.606  15.1725
15.7146  32.5013  10.9441
2.21194  18.8583  27.9425
18.238  35.1779  32.8976
22.4118  29.8166  30.2544
17.0964  24.7181  22.2612
20.5874  33.9065  10.8665
20.4864  26.8449  3.89403
18.7703  16.2184  26.9312
20.0773  19.592  27.5386
9.07858  28.5244  0.745524
23.8023  22.699  22.3309
17.5403  35.5325  11.7194
28.3311  30.1513  25.5552
31.5614  35.7473  22.8001
28.7715  29.347  34.7965
34.1406  4.28653  34.3941
22.4879  0.636309  20.8577
28.9108  35.0747  14.7575
35.1083  25.7239  9.90615
31.8265  5.04647  9.03146
34.298  5.4393  19.2835
30.3708  30.4242  21.434
33.3295  0.487352  19.5477
24.1333  2.47729  23.1027
27.8253  19.5427  34.6285
24.7066  35.6118  36.4951
28.5344  24.5961  2.23137
1.88459  8.63947  6.75452
23.975  28.0303  13.4002
15.5144  30.4213  25.291
26.456  36.0551  29.1319
6.21755  15.0346  32.3579
9.08604  35.2503  31.5387
19.9619  15.334  30.3284
30.6628  36.5124  0.807286
30.4201  9.56429  32.3773
19.2011  5.88629  4.44044
24.2408  30.7739  36.0795
10.5179  0.914215  11.1984
26.6538  3.77639  30.5057
34.7335  7.01925  22.1815
3.75148  3.90825  24.6958
20.9186  35.1125  24.88
24.3428  13.9288  28.2619
20.5001  10.9451  31.3097
30.6249  16.2205  3.48291
26.0007  19.154  7.85178
28.3833  3.43402  5.88916
30.1219  36.0933  18.352
31.5102  9.10518  9.90435
31.758  4.08224  17.7675
4.70075  15.7972  28.3515
31.1682  26.0421  29.467
29.5039  8.86433  19.2746
24.4396  14.1074  2.032
0.0731303  10.3349  34.2547
21.435  24.1272  1.07242
29.2864  23.1442  27.5896
26.1161  12.5982  9.84403
30.1045  13.8207  30.6338
32.6387  22.8695  26.7806
33.4414  11.8011  13.7929
33.7148  15.4372  2.22137
30.0144  12.7623  25.5694
12.0327  17.7216  6.09387
36.4036  30.7245  26.3845
24.9594  20.062  4.32698
22.2768  10.4936  5.45238
23.4646  11.5753  12.5437
20.6773  13.6413  11.5943
18.8362  25.9292  11.3695
36.4659  14.5847  35.1864
35.9156  21.8927  28.2881
3.82476  25.3172  31.5678
29.8576  26.1866  35.7881
3.12333  30.8475  27.1784
12.9489  34.2154  32.1789
25.6705  25.7468  6.31455
21.9979  24.9458  14.0113
28.7209  22.1535  23.8381
23.488  23.2297  11.4535
35.1647  24.8536  25.993
3.11814  26.6448  26.4366
33.9141  0.0756004  29.2337
29.82  12.8188  34.1899
11.97  29.648  27.5175
36.2146  18.9527  2.70449
25.0422  26.4291  2.84936
21.529  19.2219  9.40566
28.1958  33.3317  22.4345
3.56544  29.1562  23.8584
21.7245  21.9251  25.5026
34.5389  30.8433  20.0083
18.3654  21.3304  23.3888
32.517  2.75385  25.9336
23.0892  23.4933  3.94506
36.1204  29.7257  8.24991
35.6176  34.3079  32.4868
7.79916  18.7452  12.077
26.6139  17.0166  3.92107
4.2685  25.83  12.8196
15.1305  21.4665  21.7223
28.4821  17.6738  20.2867
7.84634  3.73844  26.4397
27.8722  32.9108  4.64729
19.191  20.5646  31.3032
32.6995  29.2203  36.202
24.1714  16.5716  8.83122
32.2847  24.296  11.7295
33.2078  30.7932  3.00928
6.39327  5.83569  20.2759
10.9319  2.30915  26.4271
32.4709  34.0139  16.4403
27.3081  29.6634  29.014
19.4319  27.6135  31.8299
27.8225  15.7692  7.93719
31.1828  27.9176  12.7491
27.0365  36.464  21.4793
9.31627  35.7582  5.93368
31.2266  30.9702  11.134
24.608  32.3177  9.6515
28.4738  25.5934  12.2912
29.0584  3.131  27.9645
26.4301  5.70705  22.2009
0.486506  30.98  34.4951
28.5508  16.3571  28.4262
35.9114  28.6717  4.70929
32.2975  35.1008  12.9586
31.0095  10.4061  28.2515
11.0976  16.1424  11.505
35.2073  3.3391  16.1175
6.67894  8.55181  17.4048
2.64098  5.12735  21.5104
2.79049  10.1551  28.4447
33.5919  12.0978  34.0489
32.293  8.51791  35.9754
26.1389  4.78738  34.9663
31.237  8.35352  5.56067
32.1096  27.6708  9.09928
24.9991  31.9384  25.2972
8.4741  8.68469  21.982
25.7161  7.75237  18.3208
31.8696  31.9823  24.3022
9.73789  33.0607  35.3491
31.8739  12.5065  4.40904
29.307  8.96935  25.4917
26.4315  16.4585  30.7925
21.7657  3.9703  4.66876
26.5455  6.93057  13.8316
5.45941  17.219  35.7366
7.62727  7.1422  12.3835
35.5259  16.6607  26.2391
35.798  13.0471  24.0706
6.80341  4.63758  30.021
34.1299  13.5348  27.4965
17.2179  12.7442  27.2694
34.6753  21.3208  5.10335
31.7716  12.1844  0.626115
17.415  20.0479  11.6989
22.8511  17.1882  3.2745
28.6438  5.32124  19.1216
2.07362  24.9147  23.5095
33.8656  14.2616  19.1425
15.9195  7.47823  16.4467
12.3069  35.7391  35.3058
1.64795  31.182  11.2079
5.53183  28.3331  15.8846
28.4628  9.72278  7.95718
34.6306  22.6074  1.77599
20.816  21.3834  20.8636
30.8775  27.0459  24.3645
26.8708  15.0033  17.3015
29.2323  19.7389  30.7738
32.0863  18.324  29.6095
34.7598  23.4657  34.1259
27.788  23.1494  34.6258
30.1399  24.0754  7.21589
17.9748  22.6017  18.8813
28.4917  26.9384  8.55116
31.5905  27.0812  18.9351
6.91175  22.1687  16.2517
2.57137  0.578905  26.2553
9.86989  1.45713  23.1182
1.14281  25.0524  29.059
1.22897  21.8637  3.59108
9.56057  19.3626  30.2697
0.930845  20.1728  12.5306
3.35444  30.1394  7.93923
6.95852  35.7556  8.46142
2.57026  22.0708  14.6403
36.4489  3.10021  28.171
34.3  20.3369  19.6307
26.5574  12.2221  35.6675
32.3971  35.7925  34.5973
3.20967  32.8095  23.8077
25.7106  25.6228  35.8158
0.144666  17.6125  6.27974
26.9888  34.5495  7.52045
32.5007  29.7722  6.44942
27.9325  20.0103  13.5792
36.5433  2.45544  20.1108
27.0608  28.9696  22.6209
18.3026  23.1805  26.5843
7.64131  0.0193851  20.739
30.775  34.9961  30.6266
15.3474  30.4937  0.231235
33.7231  35.1955  8.34964
3.31105  0.834615  5.44005
29.296  31.776  14.5848
33.6722  18.9416  11.5536
0.972713  31.1453  30.4854
1.07718  13.1199  26.8492
33.0556  10.3034  24.9212
33.4411  9.14402  2.73715
7.72441  28.619  31.0236
